#Distances: inverse of score expected value, symmetric
#
9.8173 0.5490 0.4769 1.6561 0.8186 0.4698 0.6338 0.3846 0.3166 2.1813 0.8467 1.2883 2.3901 0.9792 0.5042 0.5157 0.5136 0.3023 1.7780 0.7323 0.7314 0.7835 0.7018 0.2762 1.1934 0.5724 0.5668 0.5284 5.8337 0.5739 1.0235 2.0227 1.1766 0.8272 1.1507 0.7579 3.9759 0.2847 1.0667 1.1912 2.4277 1.7523 2.1896
0.5490 9.7663 0.6410 0.8500 0.4978 0.5526 0.5624 0.4095 0.7694 0.4250 0.1889 0.6398 0.5440 0.3961 0.6590 1.3897 0.5198 0.5402 0.8975 0.7990 0.4361 0.8283 0.9869 1.6615 2.6556 2.2527 0.6854 0.3447 1.1514 0.7314 0.5014 0.3262 5.3114 0.4744 1.2860 0.6976 5.2574 1.7716 0.7481 0.4457 0.3929 0.5072 1.7891
0.4769 0.6410 9.9172 0.5417 0.7094 0.3124 1.6336 0.2122 0.9749 0.8634 0.3563 0.1947 1.9003 2.8789 0.1387 0.5672 0.9620 0.2909 0.5616 0.6793 1.6509 0.1527 0.3225 1.4735 3.9739 2.7425 0.2366 0.4000 0.8666 0.9427 0.3848 0.6198 4.5992 0.2849 0.7570 1.6949 3.5866 2.1714 1.8840 2.5198 3.4360 1.2004 0.8764
1.6561 0.8500 0.5417 9.8963 0.8769 0.7538 0.6132 0.5227 0.8118 1.5301 0.8760 0.2760 1.1927 0.8557 0.2107 0.6419 0.9798 0.8473 0.8356 0.4773 0.5853 0.2227 1.0009 0.8503 1.4006 1.4210 0.1392 0.2970 0.9419 2.8214 1.3835 0.5598 4.2392 0.3922 1.1103 2.1986 1.9073 1.0450 1.5029 3.0254 3.5098 1.0842 1.6359
0.8186 0.4978 0.7094 0.8769 9.9163 0.6367 0.5276 0.6071 0.3554 0.3155 0.6023 1.0165 0.3765 0.7715 0.5047 0.5637 1.0601 0.8594 1.0401 0.3474 0.4481 0.8977 3.8328 0.4951 2.1487 1.5584 0.5671 2.1057 2.2906 0.6539 3.0808 0.7593 7.3874 1.8911 3.2449 1.4622 7.8972 4.9698 4.5320 0.2068 6.0384 1.3896 4.9727
0.4698 0.5526 0.3124 0.7538 0.6367 9.7894 1.4852 0.3353 0.3332 0.4083 0.3839 0.4792 0.4366 0.9005 0.3967 0.3970 0.4398 0.3698 1.1303 0.8422 0.8495 0.6270 0.8832 0.6938 0.6012 1.3102 0.5961 0.8773 4.5124 0.3239 0.8754 0.7467 6.2463 0.6096 2.4750 0.4378 7.7501 0.8459 5.1738 1.5845 4.8338 1.8431 4.5768
0.6338 0.5624 1.6336 0.6132 0.5276 1.4852 9.9093 1.1654 0.3708 1.6999 0.4973 0.6187 0.8545 0.3053 1.2652 0.5185 1.3541 0.4965 0.1020 0.6242 0.5303 0.8251 0.2856 1.4610 0.6320 1.8280 1.3208 0.7262 1.8165 0.4916 0.1855 0.2510 3.9983 1.7228 0.4220 0.1123 0.2747 0.1409 0.2921 0.1403 0.2503 0.2418 0.1885
0.3846 0.4095 0.2122 0.5227 0.6071 0.3353 1.1654 9.9022 0.4493 0.3867 0.3265 0.2746 2.1040 1.2075 0.2373 0.3164 1.5321 0.1716 0.5305 0.7823 0.2977 0.7136 0.2803 1.1710 0.9328 1.1792 0.2730 0.6177 0.3077 0.4683 0.5423 0.7088 6.0972 0.2217 1.7966 2.7180 3.2359 3.5873 2.5413 5.0505 5.2928 3.0854 0.7769
0.3166 0.7694 0.9749 0.8118 0.3554 0.3332 0.3708 0.4493 9.7691 0.5498 0.5852 0.9626 1.2008 0.2147 0.5699 0.2197 0.5559 0.9899 0.3198 0.5427 0.4071 0.5910 0.1771 0.3886 4.7524 0.6138 0.4199 1.7079 0.5046 0.2052 0.2314 0.4972 0.4900 0.3098 0.7278 0.1121 1.3900 3.7173 0.3221 4.9109 4.7222 0.3105 5.0024
2.1813 0.4250 0.8634 1.5301 0.3155 0.4083 1.6999 0.3867 0.5498 9.9170 0.7159 0.6786 0.3366 0.5240 0.3970 0.7626 1.3086 0.3149 2.1472 0.4605 0.6001 1.2788 0.1441 6.9520 4.0322 3.8097 0.6543 1.7381 8.2277 2.1653 0.9161 2.0189 5.7800 1.2576 3.1853 2.3601 3.5931 0.9466 1.9188 0.8463 2.0798 1.2580 0.5930
0.8467 0.1889 0.3563 0.8760 0.6023 0.3839 0.4973 0.3265 0.5852 0.7159 9.9069 0.4921 0.6290 1.1822 0.4520 0.3924 0.2444 0.5763 1.1856 0.2885 0.6185 0.7161 0.5607 0.8185 1.6917 1.2420 0.4889 0.3306 1.0054 1.2832 1.2463 0.9780 3.5558 1.4307 2.0477 1.9616 4.2530 4.2032 5.8428 0.2515 1.5719 2.9050 0.9333
1.2883 0.6398 0.1947 0.2760 1.0165 0.4792 0.6187 0.2746 0.9626 0.6786 0.4921 9.7465 1.4199 1.2853 0.1681 0.5394 1.0211 0.6654 0.6761 0.4981 1.4883 0.1882 0.5449 0.4403 1.3039 1.2257 0.2981 0.4193 0.3212 0.3576 0.4004 0.4427 5.5176 0.3051 0.4800 1.2421 1.9820 0.7927 0.8387 2.1929 4.3863 0.3909 0.5845
2.3901 0.5440 1.9003 1.1927 0.3765 0.4366 0.8545 2.1040 1.2008 0.3366 0.6290 1.4199 9.9528 0.2442 0.7792 0.3374 3.7091 1.0452 1.9437 1.6467 1.9813 0.5390 2.3199 2.8836 1.3106 2.6999 2.7268 1.0923 3.5993 3.7633 1.1333 3.9056 6.6598 0.7183 0.8058 2.5833 2.4025 1.5864 0.4455 1.1371 1.2317 0.4859 1.4302
0.9792 0.3961 2.8789 0.8557 0.7715 0.9005 0.3053 1.2075 0.2147 0.5240 1.1822 1.2853 0.2442 9.9115 2.0108 0.7836 0.6551 0.8775 0.6841 0.4203 0.6178 1.0743 0.7319 2.6225 1.3547 1.5595 2.2703 1.6749 3.6713 1.7752 0.3458 1.3132 7.7392 1.9727 2.3558 1.3735 8.6464 1.9006 2.2501 0.7658 3.6711 5.1890 4.2801
0.5042 0.6590 0.1387 0.2107 0.5047 0.3967 1.2652 0.2373 0.5699 0.3970 0.4520 0.1681 0.7792 2.0108 9.8940 0.5740 0.6068 0.3145 0.7004 0.3715 0.4297 0.1735 0.3795 0.2709 2.0157 2.0111 0.1729 0.3069 1.5305 0.9227 0.6163 0.5986 1.5336 0.3033 0.4743 0.5357 3.1888 4.3020 2.2359 0.3363 1.1506 0.2234 0.7878
0.5157 1.3897 0.5672 0.6419 0.5637 0.3970 0.5185 0.3164 0.2197 0.7626 0.3924 0.5394 0.3374 0.7836 0.5740 9.8152 0.5284 0.3352 0.6223 0.4474 0.7756 0.5025 0.5828 1.3419 0.6866 1.9930 5.2279 0.4302 3.5348 1.4234 1.5721 2.4929 1.6373 0.4517 4.0412 0.7597 5.2368 6.5132 2.0888 2.2393 4.6447 0.3418 3.1562
0.5136 0.5198 0.9620 0.9798 1.0601 0.4398 1.3541 1.5321 0.5559 1.3086 0.2444 1.0211 3.7091 0.6551 0.6068 0.5284 9.9224 0.3124 6.9006 1.2281 0.2316 1.7663 0.3616 0.1400 0.6399 2.5811 2.2338 0.4097 4.5663 4.2846 0.2189 0.8439 0.1675 6.9293 0.3034 0.1493 1.6787 0.1526 0.8043 0.4668 0.1830 7.3254 0.0993
0.3023 0.5402 0.2909 0.8473 0.8594 0.3698 0.4965 0.1716 0.9899 0.3149 0.5763 0.6654 1.0452 0.8775 0.3145 0.3352 0.3124 9.8347 0.3664 0.3369 0.2974 0.9352 0.2324 1.9661 2.5104 2.3546 0.4791 0.7165 0.6421 0.7041 1.3965 0.9080 5.4483 0.4197 1.7922 1.3122 6.3324 0.6887 2.2712 2.8436 5.3008 2.3662 2.0640
1.7780 0.8975 0.5616 0.8356 1.0401 1.1303 0.1020 0.5305 0.3198 2.1472 1.1856 0.6761 1.9437 0.6841 0.7004 0.6223 6.9006 0.3664 9.9580 0.4238 0.1778 0.8161 0.4096 8.4425 0.6754 1.6613 1.2409 1.3103 0.8687 1.7684 0.3211 0.5030 5.9424 0.7471 0.5237 1.5366 0.8626 0.1742 3.6027 0.2214 2.0741 0.3949 0.7070
0.7323 0.7990 0.6793 0.4773 0.3474 0.8422 0.6242 0.7823 0.5427 0.4605 0.2885 0.4981 1.6467 0.4203 0.3715 0.4474 1.2281 0.3369 0.4238 9.8540 0.1955 0.7227 0.4414 3.3135 2.0273 0.6221 1.0751 0.6582 1.5254 2.7907 0.2404 0.2403 3.2638 1.1187 0.3047 1.9612 0.2634 1.5075 0.5053 0.1989 0.3067 0.7145 0.1836
0.7314 0.4361 1.6509 0.5853 0.4481 0.8495 0.5303 0.2977 0.4071 0.6001 0.6185 1.4883 1.9813 0.6178 0.4297 0.7756 0.2316 0.2974 0.1778 0.1955 9.9346 2.0548 0.2772 1.1358 1.0106 0.5696 1.3656 0.2261 3.3877 0.7913 0.4606 0.8888 5.0440 2.0158 0.2420 1.4062 2.8618 0.9470 0.2112 0.3248 2.8858 0.5417 0.9470
0.7835 0.8283 0.1527 0.2227 0.8977 0.6270 0.8251 0.7136 0.5910 1.2788 0.7161 0.1882 0.5390 1.0743 0.1735 0.5025 1.7663 0.9352 0.8161 0.7227 2.0548 9.8704 0.9059 3.7509 2.1365 0.9761 0.2693 0.2288 0.8581 0.7296 1.9409 0.9727 6.1662 0.3691 2.1392 1.7484 1.1145 2.5421 1.2148 0.7889 4.9511 1.1932 2.8264
0.7018 0.9869 0.3225 1.0009 3.8328 0.8832 0.2856 0.2803 0.1771 0.1441 0.5607 0.5449 2.3199 0.7319 0.3795 0.5828 0.3616 0.2324 0.4096 0.4414 0.2772 0.9059 9.9013 0.8615 0.3745 1.1984 0.7129 1.3161 1.0442 1.6886 0.4053 0.9239 0.8350 0.3077 0.3758 0.7480 0.3889 0.9311 6.1960 0.6082 0.4169 0.4351 0.1458
0.2762 1.6615 1.4735 0.8503 0.4951 0.6938 1.4610 1.1710 0.3886 6.9520 0.8185 0.4403 2.8836 2.6225 0.2709 1.3419 0.1400 1.9661 8.4425 3.3135 1.1358 3.7509 0.8615 9.9055 0.1286 0.1587 5.0676 3.8461 5.9321 1.6466 1.5967 2.1017 0.1345 6.4458 1.1345 0.1931 1.5781 0.4824 2.0739 0.6702 3.0972 0.1063 0.4800
1.1934 2.6556 3.9739 1.4006 2.1487 0.6012 0.6320 0.9328 4.7524 4.0322 1.6917 1.3039 1.3106 1.3547 2.0157 0.6866 0.6399 2.5104 0.6754 2.0273 1.0106 2.1365 0.3745 0.1286 9.9224 0.1497 1.9241 0.5929 1.5380 2.5462 1.9305 0.7742 0.1403 0.6992 0.3019 0.3814 3.6783 0.6231 0.9407 5.3279 0.9279 0.1148 0.3355
0.5724 2.2527 2.7425 1.4210 1.5584 1.3102 1.8280 1.1792 0.6138 3.8097 1.2420 1.2257 2.6999 1.5595 2.0111 1.9930 2.5811 2.3546 1.6613 0.6221 0.5696 0.9761 1.1984 0.1587 0.1497 9.9031 1.4194 1.1663 1.8681 1.2008 1.0247 0.3906 0.1806 0.5106 1.0636 0.6536 2.2493 0.8197 1.3882 2.4532 3.4168 0.1359 0.6654
0.5668 0.6854 0.2366 0.1392 0.5671 0.5961 1.3208 0.2730 0.4199 0.6543 0.4889 0.2981 2.7268 2.2703 0.1729 5.2279 2.2338 0.4791 1.2409 1.0751 1.3656 0.2693 0.7129 5.0676 1.9241 1.4194 9.9063 0.2861 0.2765 1.1518 2.6561 0.2950 5.4129 0.1265 0.3494 5.6857 0.6054 3.9515 1.1227 1.5220 0.3378 4.1590 0.4999
0.5284 0.3447 0.4000 0.2970 2.1057 0.8773 0.7262 0.6177 1.7079 1.7381 0.3306 0.4193 1.0923 1.6749 0.3069 0.4302 0.4097 0.7165 1.3103 0.6582 0.2261 0.2288 1.3161 3.8461 0.5929 1.1663 0.2861 9.8550 3.6265 0.3537 0.3179 0.4536 5.8200 0.8165 0.3381 0.6989 1.2774 0.2822 0.8004 4.0126 0.5735 0.1728 0.2702
5.8337 1.1514 0.8666 0.9419 2.2906 4.5124 1.8165 0.3077 0.5046 8.2277 1.0054 0.3212 3.5993 3.6713 1.5305 3.5348 4.5663 0.6421 0.8687 1.5254 3.3877 0.8581 1.0442 5.9321 1.5380 1.8681 0.2765 3.6265 9.9351 0.3466 3.9009 0.2789 7.1846 0.1199 0.4126 9.9343 0.2448 3.7153 0.7511 4.3149 0.1317 1.1435 0.3326
0.5739 0.7314 0.9427 2.8214 0.6539 0.3239 0.4916 0.4683 0.2052 2.1653 1.2832 0.3576 3.7633 1.7752 0.9227 1.4234 4.2846 0.7041 1.7684 2.7907 0.7913 0.7296 1.6886 1.6466 2.5462 1.2008 1.1518 0.3537 0.3466 9.9448 0.8319 0.7545 5.4806 0.5695 0.1509 2.3978 0.3025 9.2821 0.7643 0.4486 0.6028 3.4763 0.6402
1.0235 0.5014 0.3848 1.3835 3.0808 0.8754 0.1855 0.5423 0.2314 0.9161 1.2463 0.4004 1.1333 0.3458 0.6163 1.5721 0.2189 1.3965 0.3211 0.2404 0.4606 1.9409 0.4053 1.5967 1.9305 1.0247 2.6561 0.3179 3.9009 0.8319 9.9128 0.3720 0.5186 2.4488 0.8336 1.1910 1.0691 0.7430 0.1007 0.4470 2.7151 0.8405 0.1975
2.0227 0.3262 0.6198 0.5598 0.7593 0.7467 0.2510 0.7088 0.4972 2.0189 0.9780 0.4427 3.9056 1.3132 0.5986 2.4929 0.8439 0.9080 0.5030 0.2403 0.8888 0.9727 0.9239 2.1017 0.7742 0.3906 0.2950 0.4536 0.2789 0.7545 0.3720 9.8543 1.9873 0.4557 0.1330 2.2156 0.1214 1.1452 0.1473 0.1084 0.1671 0.2909 0.1284
1.1766 5.3114 4.5992 4.2392 7.3874 6.2463 3.9983 6.0972 0.4900 5.7800 3.5558 5.5176 6.6598 7.7392 1.5336 1.6373 0.1675 5.4483 5.9424 3.2638 5.0440 6.1662 0.8350 0.1345 0.1403 0.1806 5.4129 5.8200 7.1846 5.4806 0.5186 1.9873 9.9290 5.5935 0.5166 0.1132 1.3011 0.1628 1.1647 0.5761 1.5925 0.1089 4.4990
0.8272 0.4744 0.2849 0.3922 1.8911 0.6096 1.7228 0.2217 0.3098 1.2576 1.4307 0.3051 0.7183 1.9727 0.3033 0.4517 6.9293 0.4197 0.7471 1.1187 2.0158 0.3691 0.3077 6.4458 0.6992 0.5106 0.1265 0.8165 0.1199 0.5695 2.4488 0.4557 5.5935 9.8170 0.7346 6.1781 0.2992 4.8462 0.7319 2.8308 0.2333 2.1806 0.3553
1.1507 1.2860 0.7570 1.1103 3.2449 2.4750 0.4220 1.7966 0.7278 3.1853 2.0477 0.4800 0.8058 2.3558 0.4743 4.0412 0.3034 1.7922 0.5237 0.3047 0.2420 2.1392 0.3758 1.1345 0.3019 1.0636 0.3494 0.3381 0.4126 0.1509 0.8336 0.1330 0.5166 0.7346 9.9236 2.3078 0.1178 0.4632 0.1451 0.1350 0.1273 0.2929 0.1117
0.7579 0.6976 1.6949 2.1986 1.4622 0.4378 0.1123 2.7180 0.1121 2.3601 1.9616 1.2421 2.5833 1.3735 0.5357 0.7597 0.1493 1.3122 1.5366 1.9612 1.4062 1.7484 0.7480 0.1931 0.3814 0.6536 5.6857 0.6989 9.9343 2.3978 1.1910 2.2156 0.1132 6.1781 2.3078 9.9430 5.9840 2.2199 2.2255 5.0831 4.7621 3.6326 0.4715
3.9759 5.2574 3.5866 1.9073 7.8972 7.7501 0.2747 3.2359 1.3900 3.5931 4.2530 1.9820 2.4025 8.6464 3.1888 5.2368 1.6787 6.3324 0.8626 0.2634 2.8618 1.1145 0.3889 1.5781 3.6783 2.2493 0.6054 1.2774 0.2448 0.3025 1.0691 0.1214 1.3011 0.2992 0.1178 5.9840 9.8796 2.8195 0.1504 0.1591 0.1445 0.9239 0.1749
0.2847 1.7716 2.1714 1.0450 4.9698 0.8459 0.1409 3.5873 3.7173 0.9466 4.2032 0.7927 1.5864 1.9006 4.3020 6.5132 0.1526 0.6887 0.1742 1.5075 0.9470 2.5421 0.9311 0.4824 0.6231 0.8197 3.9515 0.2822 3.7153 9.2821 0.7430 1.1452 0.1628 4.8462 0.4632 2.2199 2.8195 9.8513 0.3714 0.2328 0.7027 0.1789 0.2463
1.0667 0.7481 1.8840 1.5029 4.5320 5.1738 0.2921 2.5413 0.3221 1.9188 5.8428 0.8387 0.4455 2.2501 2.2359 2.0888 0.8043 2.2712 3.6027 0.5053 0.2112 1.2148 6.1960 2.0739 0.9407 1.3882 1.1227 0.8004 0.7511 0.7643 0.1007 0.1473 1.1647 0.7319 0.1451 2.2255 0.1504 0.3714 9.9233 0.3363 0.2192 0.5465 0.1717
1.1912 0.4457 2.5198 3.0254 0.2068 1.5845 0.1403 5.0505 4.9109 0.8463 0.2515 2.1929 1.1371 0.7658 0.3363 2.2393 0.4668 2.8436 0.2214 0.1989 0.3248 0.7889 0.6082 0.6702 5.3279 2.4532 1.5220 4.0126 4.3149 0.4486 0.4470 0.1084 0.5761 2.8308 0.1350 5.0831 0.1591 0.2328 0.3363 9.9873 0.1085 1.5081 7.8357
2.4277 0.3929 3.4360 3.5098 6.0384 4.8338 0.2503 5.2928 4.7222 2.0798 1.5719 4.3863 1.2317 3.6711 1.1506 4.6447 0.1830 5.3008 2.0741 0.3067 2.8858 4.9511 0.4169 3.0972 0.9279 3.4168 0.3378 0.5735 0.1317 0.6028 2.7151 0.1671 1.5925 0.2333 0.1273 4.7621 0.1445 0.7027 0.2192 0.1085 9.8559 1.0887 0.1138
1.7523 0.5072 1.2004 1.0842 1.3896 1.8431 0.2418 3.0854 0.3105 1.2580 2.9050 0.3909 0.4859 5.1890 0.2234 0.3418 7.3254 2.3662 0.3949 0.7145 0.5417 1.1932 0.4351 0.1063 0.1148 0.1359 4.1590 0.1728 1.1435 3.4763 0.8405 0.2909 0.1089 2.1806 0.2929 3.6326 0.9239 0.1789 0.5465 1.5081 1.0887 9.9342 3.3701
2.1896 1.7891 0.8764 1.6359 4.9727 4.5768 0.1885 0.7769 5.0024 0.5930 0.9333 0.5845 1.4302 4.2801 0.7878 3.1562 0.0993 2.0640 0.7070 0.1836 0.9470 2.8264 0.1458 0.4800 0.3355 0.6654 0.4999 0.2702 0.3326 0.6402 0.1975 0.1284 4.4990 0.3553 0.1117 0.4715 0.1749 0.2463 0.1717 7.8357 0.1138 3.3701 9.9683
