#Distances: inverse of score expected value, symmetric
#
0.0000 0.9367 0.8564 1.8080 1.0527 0.6926 1.5405 0.6632 0.7932 1.2797 1.0228 1.7734 1.7870 1.2116 0.9313 0.8446 1.1129 0.5261 2.1212 1.2339 1.3136 1.1324 1.2881 0.4832 1.1690 0.8093 0.9556 0.9219 2.9009 0.7944 1.1672 1.8070 1.5977 1.3186 1.9561 0.9179 3.1188 0.5614 1.3483 1.6271 2.7880 1.4751 2.0561
0.9367 0.0000 1.0854 1.1618 0.7214 0.8747 1.1558 0.7924 1.6410 0.6183 0.3543 1.0959 0.7440 0.6293 1.1553 1.6818 1.0863 0.9166 1.4445 1.3512 0.9272 1.2507 1.7262 2.2350 2.5735 1.8640 1.2485 0.7114 1.3999 1.0034 0.9521 0.9012 2.6377 0.9428 2.0335 1.0514 2.7668 2.1858 1.4116 0.8959 0.8758 1.4142 2.2409
0.8564 1.0854 0.0000 0.8908 1.0488 0.6296 2.9434 0.4884 2.0861 1.2322 0.6639 0.4451 1.3784 1.6919 0.3822 1.1001 2.0245 0.5987 1.0743 1.2924 2.3245 0.3067 0.7682 2.0424 2.4219 1.5052 0.5396 0.8330 1.1452 1.1142 0.8397 1.4983 3.4970 0.6238 1.7677 2.3299 2.9604 2.5088 2.7472 3.1905 3.2764 2.5691 2.1324
1.8080 1.1618 0.8908 0.0000 1.0744 1.0719 1.3075 0.8476 1.2414 1.2897 1.1618 0.5353 1.2705 1.0620 0.4996 0.9226 1.6957 1.1771 1.2202 0.8158 1.0209 0.3805 1.5891 1.2136 1.6768 1.5190 0.2827 0.5371 1.1369 1.7516 1.9435 0.9797 2.3823 0.7423 1.7792 2.0007 2.0702 1.6179 2.1457 3.4796 2.5459 1.5480 2.3294
1.0527 0.7214 1.0488 1.0744 0.0000 0.8898 1.1473 1.0244 0.7620 0.4315 0.8434 1.6320 0.4917 0.9049 1.0049 0.8854 1.3181 1.0529 1.3736 0.5875 0.9568 1.1755 2.6470 0.8201 2.1242 1.5294 0.9100 1.8144 1.7302 0.8555 1.8244 1.6300 3.3868 2.2200 4.0125 1.7120 3.6555 1.9287 2.5517 0.4355 3.9736 1.3337 2.3506
0.6926 0.8747 0.6296 1.0719 0.8898 0.0000 1.8987 0.6679 0.8522 0.5774 0.6468 0.8736 0.5690 0.9322 0.8440 0.6937 0.8907 0.6640 1.6324 1.3093 1.5907 0.9687 1.4429 1.1182 0.9381 1.4595 1.0844 1.3764 2.6278 0.5510 1.4703 1.3247 3.5890 1.0982 3.6718 0.7610 3.8588 1.3583 3.5592 1.8514 3.6065 1.8097 4.0716
1.5405 1.1558 2.9434 1.3075 1.1473 1.8987 0.0000 2.4546 1.2461 2.3327 1.0623 1.5155 1.5753 0.7083 3.1142 1.2102 2.7394 1.1235 0.2896 1.5638 1.4834 1.6794 0.8365 2.2648 1.2992 2.1419 2.7030 1.5521 2.4687 1.0915 0.5341 0.8804 2.6051 3.1232 1.3524 0.3030 0.7173 0.4167 0.8414 0.5034 0.7573 0.8849 0.7106
0.6632 0.7924 0.4884 0.8476 1.0244 0.6679 2.4546 0.0000 1.2472 0.5980 0.6441 0.6327 1.3983 1.2934 0.6805 0.6453 2.2822 0.3778 1.0538 1.6218 0.7580 1.2204 0.7006 1.8243 1.4431 1.4842 0.6446 1.2259 0.6746 0.8947 1.1231 1.5663 3.5911 0.5504 2.5457 2.9357 3.3471 3.5607 2.8165 4.9821 3.7641 4.1399 1.9348
0.7932 1.6410 2.0861 1.2414 0.7620 0.8522 1.2461 1.2472 0.0000 1.0204 1.3692 2.2475 1.1761 0.4648 1.7183 0.5991 1.5464 1.9595 0.8385 1.5472 1.2013 1.3920 0.5717 1.0399 2.8430 1.0421 1.1960 2.6327 1.1376 0.5267 0.7007 1.6564 1.0352 0.9280 1.9041 0.3201 2.7678 3.4751 0.9854 4.4354 3.5985 1.1329 5.8181
1.2797 0.6183 1.2322 1.2897 0.4315 0.5774 2.3327 0.5980 1.0204 0.0000 0.8653 1.0257 0.4211 0.6784 0.7401 0.9170 1.8985 0.4611 1.6650 0.7487 1.0381 1.3964 0.2804 3.4317 2.5694 1.7435 0.9857 1.9226 3.0960 1.7196 1.2611 2.6214 2.5267 1.6090 2.8153 2.0963 2.0349 1.2785 2.1175 1.5207 2.3214 1.7637 1.3190
1.0228 0.3543 0.6639 1.1618 0.8434 0.6468 1.0623 0.6441 1.3692 0.8653 0.0000 0.8757 0.8127 1.1528 0.9550 0.6881 0.5717 0.9485 1.7022 0.6094 1.2310 1.0496 1.0904 1.2253 2.0002 1.2524 0.9222 0.6438 1.1881 1.6345 1.8907 1.8033 2.2112 2.0009 2.5530 1.9916 3.2257 3.5662 3.9850 0.5824 2.2105 2.1965 1.6942
1.7734 1.0959 0.4451 0.5353 1.6320 0.8736 1.5155 0.6327 2.2475 1.0257 0.8757 0.0000 1.4187 1.5952 0.4634 1.0279 2.1706 1.2422 1.2477 1.1271 2.3896 0.3917 1.2071 0.9487 1.8712 1.2735 0.6655 0.9084 0.6268 0.6463 0.8961 1.2119 2.9172 0.6681 1.4071 1.8761 1.9771 1.5508 1.4702 2.8545 3.0519 0.9899 1.6137
1.7870 0.7440 1.3784 1.2705 0.4917 0.5690 1.5753 1.3983 1.1761 0.4211 0.8127 1.4187 0.0000 0.3281 1.0283 0.5403 3.3298 0.9951 1.7614 1.3414 2.5119 0.7098 1.8955 2.5938 1.3331 1.7879 1.8789 1.3087 2.1961 2.3978 1.0206 1.9177 2.9883 0.9392 0.9471 2.2090 2.2019 1.3049 0.5957 2.0937 1.8040 1.0239 2.1235
1.2116 0.6293 1.6919 1.0620 0.9049 0.9322 0.7083 1.2934 0.4648 0.6784 1.1528 1.5952 0.3281 0.0000 1.6391 1.1317 1.3066 1.0753 1.0074 0.7815 1.1809 1.1024 1.1260 2.5900 1.6051 1.5224 1.8427 1.6883 2.4888 1.6898 0.5209 1.7285 3.4178 2.1873 1.6833 1.6068 3.6971 1.3421 1.6107 1.0503 2.4170 2.4229 2.7689
0.9313 1.1553 0.3822 0.4996 1.0049 0.8440 3.1142 0.6805 1.7183 0.7401 0.9550 0.4634 1.0283 1.6391 0.0000 1.1553 1.7531 0.7286 1.4278 0.9898 1.1513 0.4383 0.9786 0.7724 2.8296 1.5206 0.4894 0.8510 1.5002 1.3333 1.4266 1.8305 1.8687 0.8027 1.5697 1.1339 2.4091 4.0668 2.3902 1.1047 2.1800 0.7837 2.3293
0.8446 1.6818 1.1001 0.9226 0.8854 0.6937 1.2102 0.6453 0.5991 0.9170 0.6881 1.0279 0.5403 1.1317 1.1553 0.0000 1.1086 0.6335 1.0674 0.9087 1.5044 0.8415 1.2048 1.5630 1.0516 1.5964 3.1281 0.8677 2.0389 1.4737 2.3282 4.0132 1.8036 0.9014 5.0309 1.0679 2.6297 4.1930 2.7489 3.2462 3.9945 0.7298 3.0339
1.1129 1.0863 2.0245 1.6957 1.3181 0.8907 2.7394 2.2822 1.5464 1.8985 0.5717 2.1706 3.3298 1.3066 1.7531 1.1086 0.0000 0.7557 5.1773 2.5945 0.6703 2.6895 1.0075 0.3848 1.3437 3.0573 3.4968 1.0430 3.7323 3.9709 0.6165 2.0912 0.4131 5.5343 1.0334 0.3801 2.5700 0.4403 1.6827 1.2396 0.5381 7.1760 0.3810
0.5261 0.9166 0.5987 1.1771 1.0529 0.6640 1.1235 0.3778 1.9595 0.4611 0.9485 1.2422 0.9951 1.0753 0.7286 0.6335 0.7557 0.0000 0.7269 0.7389 0.6897 1.3624 0.5374 2.3430 1.9845 1.8493 0.9450 1.2965 1.0903 1.1205 2.0278 1.9674 2.6360 0.8615 2.4274 1.8470 3.5727 1.2375 2.8076 3.7925 3.8812 3.5080 3.6014
2.1212 1.4445 1.0743 1.2202 1.3736 1.6324 0.2896 1.0538 0.8385 1.6650 1.7022 1.2477 1.7614 1.0074 1.4278 1.0674 5.1773 0.7269 0.0000 0.9550 0.4452 1.2667 0.9544 4.5428 1.1428 1.8624 2.0565 2.1075 1.3103 2.0752 0.6603 1.0207 3.7990 1.4110 1.0670 1.9488 1.2802 0.3821 2.5397 0.5729 1.9494 0.9915 1.2279
1.2339 1.3512 1.2924 0.8158 0.5875 1.3093 1.5638 1.6218 1.5472 0.7487 0.6094 1.1271 1.3414 0.7815 0.9898 0.9087 2.5945 0.7389 0.9550 0.0000 0.5391 1.3385 1.0899 3.0665 2.7196 1.1255 2.0415 1.3667 2.1830 2.1313 0.5902 0.6915 2.6875 2.0855 0.8812 2.1708 0.6044 2.5038 1.1798 0.5985 0.7953 2.0073 0.6220
1.3136 0.9272 2.3245 1.0209 0.9568 1.5907 1.4834 0.7580 1.2013 1.0381 1.2310 2.3896 2.5119 1.1809 1.1513 1.5044 0.6703 0.6897 0.4452 0.5391 0.0000 1.8030 0.7657 2.0012 1.7858 0.8871 2.0231 0.5829 1.8780 1.1960 1.1180 1.9123 3.1591 2.2122 0.8014 2.0957 2.5047 1.8115 0.5759 1.0060 3.6785 1.5518 2.3987
1.1324 1.2507 0.3067 0.3805 1.1755 0.9687 1.6794 1.2204 1.3920 1.3964 1.0496 0.3917 0.7098 1.1024 0.4383 0.8415 2.6895 1.3624 1.2667 1.3385 1.8030 0.0000 1.6176 3.1624 2.1047 1.2490 0.5491 0.4744 1.1219 1.0741 2.0371 1.6674 3.4428 0.7260 2.0985 1.9833 1.5448 2.9048 1.8924 1.7068 3.4505 1.6942 2.3733
1.2881 1.7262 0.7682 1.5891 2.6470 1.4429 0.8365 0.7006 0.5717 0.2804 1.0904 1.2071 1.8955 1.1260 0.9786 1.2048 1.0075 0.5374 0.9544 1.0899 0.7657 1.6176 0.0000 1.6191 0.7718 1.8545 1.4803 2.1663 1.4661 2.3676 0.9541 2.0193 1.3611 0.7776 1.0809 1.3110 0.8810 1.8524 4.7079 1.6792 1.0570 1.3176 0.4896
0.4832 2.2350 2.0424 1.2136 0.8201 1.1182 2.2648 1.8243 1.0399 3.4317 1.2253 0.9487 2.5938 2.5900 0.7724 1.5630 0.3848 2.3430 4.5428 3.0665 2.0012 3.1624 1.6191 0.0000 0.2726 0.3002 3.7786 3.3107 3.8395 2.1680 2.3672 2.9912 0.2973 4.6029 2.1025 0.4100 2.2381 1.0406 2.8365 1.6515 3.4575 0.3275 1.1746
1.1690 2.5735 2.4219 1.6768 2.1242 0.9381 1.2992 1.4431 2.8430 2.5694 2.0002 1.8712 1.3331 1.6051 2.8296 1.0516 1.3437 1.9845 1.1428 2.7196 1.7858 2.1047 0.7718 0.2726 0.0000 0.2521 2.4525 1.0670 1.8322 2.2478 2.5595 1.3886 0.2755 1.2406 0.8179 0.6492 2.5605 1.1314 1.6387 4.1666 1.6662 0.3229 0.7890
0.8093 1.8640 1.5052 1.5190 1.5294 1.4595 2.1419 1.4842 1.0421 1.7435 1.2524 1.2735 1.7879 1.5224 1.5206 1.5964 3.0573 1.8493 1.8624 1.1255 0.8871 1.2490 1.8545 0.3002 0.2521 0.0000 1.5769 1.6405 1.7050 1.3550 1.6056 0.8736 0.3050 0.8488 1.6141 0.9172 2.2158 1.2198 1.7731 3.2841 2.7318 0.3284 1.5931
0.9556 1.2485 0.5396 0.2827 0.9100 1.0844 2.7030 0.6446 1.1960 0.9857 0.9222 0.6655 1.8789 1.8427 0.4894 3.1281 3.4968 0.9450 2.0565 2.0415 2.0231 0.5491 1.4803 3.7786 2.4525 1.5769 0.0000 0.6758 0.5032 1.3633 3.4011 0.7381 3.5674 0.3156 0.9428 3.9649 1.1357 3.9983 1.9378 3.0584 0.8082 5.1805 1.4318
0.9219 0.7114 0.8330 0.5371 1.8144 1.3764 1.5521 1.2259 2.6327 1.9226 0.6438 0.9084 1.3087 1.6883 0.8510 0.8677 1.0430 1.2965 2.1075 1.3667 0.5829 0.4744 2.1663 3.3107 1.0670 1.6405 0.6758 0.0000 2.8357 0.6852 0.7647 1.1223 3.4022 1.5611 0.9557 1.2655 2.0333 0.6589 1.5874 3.8715 1.2565 0.5489 0.7451
2.9009 1.3999 1.1452 1.1369 1.7302 2.6278 2.4687 0.6746 1.1376 3.0960 1.1881 0.6268 2.1961 2.4888 1.5002 2.0389 3.7323 1.0903 1.3103 2.1830 1.8780 1.1219 1.4661 3.8395 1.8322 1.7050 0.5032 2.8357 0.0000 0.5529 3.1975 0.5997 3.5575 0.2512 0.8106 4.0440 0.4454 3.1457 1.3071 4.5371 0.2897 2.0078 0.7262
0.7944 1.0034 1.1142 1.7516 0.8555 0.5510 1.0915 0.8947 0.5267 1.7196 1.6345 0.6463 2.3978 1.6898 1.3333 1.4737 3.9709 1.1205 2.0752 2.1313 1.1960 1.0741 2.3676 2.1680 2.2478 1.3550 1.3633 0.6852 0.5529 0.0000 1.3694 1.3285 2.7168 1.0286 0.4256 2.4667 0.5538 4.4785 1.2529 0.8785 1.0421 2.3142 1.0701
1.1672 0.9521 0.8397 1.9435 1.8244 1.4703 0.5341 1.1231 0.7007 1.2611 1.8907 0.8961 1.0206 0.5209 1.4266 2.3282 0.6165 2.0278 0.6603 0.5902 1.1180 2.0371 0.9541 2.3672 2.5595 1.6056 3.4011 0.7647 3.1975 1.3694 0.0000 0.9992 0.9880 3.3078 1.8441 1.7854 1.8194 1.4653 0.2643 1.1622 3.5205 1.8450 0.6368
1.8070 0.9012 1.4983 0.9797 1.6300 1.3247 0.8804 1.5663 1.6564 2.6214 1.8033 1.2119 1.9177 1.7285 1.8305 4.0132 2.0912 1.9674 1.0207 0.6915 1.9123 1.6674 2.0193 2.9912 1.3886 0.8736 0.7381 1.1223 0.5997 1.3285 0.9992 0.0000 1.9457 0.9658 0.5335 2.9605 0.3514 1.8895 0.4678 0.4162 0.5728 1.0202 0.5236
1.5977 2.6377 3.4970 2.3823 3.3868 3.5890 2.6051 3.5911 1.0352 2.5267 2.2112 2.9172 2.9883 3.4178 1.8687 1.8036 0.4131 2.6360 3.7990 2.6875 3.1591 3.4428 1.3611 0.2973 0.2755 0.3050 3.5674 3.4022 3.5575 2.7168 0.9880 1.9457 0.0000 3.2406 1.1704 0.2289 1.5205 0.3764 1.5272 1.3271 2.3037 0.3270 2.7062
1.3186 0.9428 0.6238 0.7423 2.2200 1.0982 3.1232 0.5504 0.9280 1.6090 2.0009 0.6681 0.9392 2.1873 0.8027 0.9014 5.5343 0.8615 1.4110 2.0855 2.2122 0.7260 0.7776 4.6029 1.2406 0.8488 0.3156 1.5611 0.2512 1.0286 3.3078 0.9658 3.2406 0.0000 1.4095 3.8441 0.6494 3.9792 1.5359 3.2771 0.5985 3.4309 1.0929
1.9561 2.0335 1.7677 1.7792 4.0125 3.6718 1.3524 2.5457 1.9041 2.8153 2.5530 1.4071 0.9471 1.6833 1.5697 5.0309 1.0334 2.4274 1.0670 0.8812 0.8014 2.0985 1.0809 2.1025 0.8179 1.6141 0.9428 0.9557 0.8106 0.4256 1.8441 0.5335 1.1704 1.4095 0.0000 3.3625 0.3675 1.1848 0.4792 0.5302 0.4534 1.0876 0.4730
0.9179 1.0514 2.3299 2.0007 1.7120 0.7610 0.3030 2.9357 0.3201 2.0963 1.9916 1.8761 2.2090 1.6068 1.1339 1.0679 0.3801 1.8470 1.9488 2.1708 2.0957 1.9833 1.3110 0.4100 0.6492 0.9172 3.9649 1.2655 4.0440 2.4667 1.7854 2.9605 0.2289 3.8441 3.3625 0.0000 3.8155 2.1088 2.8993 3.9170 3.9848 2.8647 1.1578
3.1188 2.7668 2.9604 2.0702 3.6555 3.8588 0.7173 3.3471 2.7678 2.0349 3.2257 1.9771 2.2019 3.6971 2.4091 2.6297 2.5700 3.5727 1.2802 0.6044 2.5047 1.5448 0.8810 2.2381 2.5605 2.2158 1.1357 2.0333 0.4454 0.5538 1.8194 0.3514 1.5205 0.6494 0.3675 3.8155 0.0000 2.7831 0.3587 0.4501 0.3544 1.6950 0.5252
0.5614 2.1858 2.5088 1.6179 1.9287 1.3583 0.4167 3.5607 3.4751 1.2785 3.5662 1.5508 1.3049 1.3421 4.0668 4.1930 0.4403 1.2375 0.3821 2.5038 1.8115 2.9048 1.8524 1.0406 1.1314 1.2198 3.9983 0.6589 3.1457 4.4785 1.4653 1.8895 0.3764 3.9792 1.1848 2.1088 2.7831 0.0000 0.8725 0.6577 1.4962 0.5478 0.7105
1.3483 1.4116 2.7472 2.1457 2.5517 3.5592 0.8414 2.8165 0.9854 2.1175 3.9850 1.4702 0.5957 1.6107 2.3902 2.7489 1.6827 2.8076 2.5397 1.1798 0.5759 1.8924 4.7079 2.8365 1.6387 1.7731 1.9378 1.5874 1.3071 1.2529 0.2643 0.4678 1.5272 1.5359 0.4792 2.8993 0.3587 0.8725 0.0000 0.9848 0.5789 1.5974 0.5530
1.6271 0.8959 3.1905 3.4796 0.4355 1.8514 0.5034 4.9821 4.4354 1.5207 0.5824 2.8545 2.0937 1.0503 1.1047 3.2462 1.2396 3.7925 0.5729 0.5985 1.0060 1.7068 1.6792 1.6515 4.1666 3.2841 3.0584 3.8715 4.5371 0.8785 1.1622 0.4162 1.3271 3.2771 0.5302 3.9170 0.4501 0.6577 0.9848 0.0000 0.3540 2.8901 7.7407
2.7880 0.8758 3.2764 2.5459 3.9736 3.6065 0.7573 3.7641 3.5985 2.3214 2.2105 3.0519 1.8040 2.4170 2.1800 3.9945 0.5381 3.8812 1.9494 0.7953 3.6785 3.4505 1.0570 3.4575 1.6662 2.7318 0.8082 1.2565 0.2897 1.0421 3.5205 0.5728 2.3037 0.5985 0.4534 3.9848 0.3544 1.4962 0.5789 0.3540 0.0000 2.4468 0.3986
1.4751 1.4142 2.5691 1.5480 1.3337 1.8097 0.8849 4.1399 1.1329 1.7637 2.1965 0.9899 1.0239 2.4229 0.7837 0.7298 7.1760 3.5080 0.9915 2.0073 1.5518 1.6942 1.3176 0.3275 0.3229 0.3284 5.1805 0.5489 2.0078 2.3142 1.8450 1.0202 0.3270 3.4309 1.0876 2.8647 1.6950 0.5478 1.5974 2.8901 2.4468 0.0000 5.0481
2.0561 2.2409 2.1324 2.3294 2.3506 4.0716 0.7106 1.9348 5.8181 1.3190 1.6942 1.6137 2.1235 2.7689 2.3293 3.0339 0.3810 3.6014 1.2279 0.6220 2.3987 2.3733 0.4896 1.1746 0.7890 1.5931 1.4318 0.7451 0.7262 1.0701 0.6368 0.5236 2.7062 1.0929 0.4730 1.1578 0.5252 0.7105 0.5530 7.7407 0.3986 5.0481 0.0000
