#Distances: inverse of score expected value, symmetric
#
0.0000 0.9456 0.8291 2.8613 1.0944 0.6407 1.8593 0.6107 0.7566 3.0322 1.1315 2.3089 3.7337 1.3194 0.9270 0.8071 1.1400 0.4599 3.6687 1.3293 1.4240 1.1923 1.3870 0.4197 1.7170 0.7827 0.9526 0.9042 62.1983 0.7788 1.5140 3.7769 1.9760 1.4625 2.5114 1.0311 9.4164 0.4983 1.7520 2.2715 10.8963 3.1503 4.7803
0.9456 0.0000 1.1432 1.3083 0.6816 0.8997 1.2512 0.7647 1.9251 0.5538 0.2974 1.1670 0.6814 0.5597 1.2967 2.7280 1.1580 0.9179 1.6676 1.6224 0.9179 1.3943 2.1467 3.4658 5.7829 3.9018 1.5265 0.6657 1.8188 1.1368 0.9527 0.8868 65.2350 0.9337 3.0570 1.2058 74.1591 3.9069 1.7380 0.9515 0.8845 1.6391 4.7136
0.8291 1.1432 0.0000 0.8738 1.0848 0.5864 4.7761 0.4385 2.8715 1.4038 0.6115 0.3950 2.3866 5.1462 0.3399 1.1737 2.8055 0.5463 1.1041 1.4989 5.3379 0.2584 0.7362 4.1511 14.7386 5.0542 0.4896 0.8129 1.2956 1.3867 0.8118 1.6673 14.0814 0.5775 2.1392 4.1323 10.3358 5.8658 4.7505 10.1885 12.9438 3.7325 2.6499
2.8613 1.3083 0.8738 0.0000 1.2230 1.1224 1.4148 0.8369 1.5749 1.9666 1.2712 0.4768 1.5013 1.1035 0.4502 0.9559 2.0595 1.2948 1.3658 0.8034 1.0505 0.3175 1.9185 1.3734 2.2385 1.9616 0.2351 0.4802 1.3392 7.0603 2.6705 1.0139 18.8901 0.7019 2.3115 3.9954 3.8869 1.9630 3.4511 8.3900 10.7578 2.0770 3.7358
1.0944 0.6816 1.0848 1.2230 0.0000 0.8710 1.2059 1.0447 0.7158 0.3534 0.8125 2.4308 0.4237 0.9871 1.0055 0.8831 1.8906 1.1718 1.7188 0.5332 1.0017 1.4304 11.5274 0.7814 3.7291 2.0864 0.8974 4.0265 4.2575 0.8594 7.1115 1.8656 77.1895 4.2555 10.0154 2.3102 48.5561 44.2163 19.4343 0.3788 22.7238 2.3168 46.3182
0.6407 0.8997 0.5864 1.1224 0.8710 0.0000 3.5424 0.6214 0.8311 0.5050 0.5934 0.8549 0.4918 1.1088 0.8210 0.6481 0.9245 0.6174 2.0771 1.6442 2.0115 0.9807 1.7830 1.2225 0.9689 1.8505 1.1222 1.6931 14.0435 0.5031 1.6997 1.5366 22.0396 1.1533 7.5668 0.7179 83.1910 1.5891 26.8697 3.9078 31.7311 4.4514 22.5756
1.8593 1.2512 4.7761 1.4148 1.2059 3.5424 0.0000 3.4221 1.3139 3.6193 1.0953 1.6902 1.8789 0.6671 4.7565 1.2683 4.7297 1.1804 0.2548 1.8075 1.6246 1.9786 0.8219 4.3767 1.4176 3.6683 4.0132 1.9132 4.1002 1.1118 0.4940 0.8678 21.0201 5.2684 1.4592 0.2636 0.6776 0.3764 0.8201 0.4729 0.7357 0.8915 0.6883
0.6107 0.7647 0.4385 0.8369 1.0447 0.6214 3.4221 0.0000 1.3128 0.5440 0.5921 0.5876 3.0288 1.7388 0.6488 0.5992 4.7837 0.3287 1.0762 1.9003 0.7270 1.3236 0.6668 2.7471 1.7601 1.8670 0.6097 1.3517 0.6665 0.8873 1.2198 1.8727 70.5689 0.5154 5.7886 6.8534 10.6475 14.0008 9.4276 42.6554 82.5199 11.8775 2.3462
0.7566 1.9251 2.8715 1.5749 0.7158 0.8311 1.3139 1.3128 0.0000 1.0316 1.5296 2.9036 1.7763 0.4052 1.9527 0.5558 1.8444 3.1495 0.8125 1.7202 1.3070 1.5222 0.5395 1.0621 51.2251 1.1065 1.2489 5.5552 1.1629 0.4764 0.6753 1.8345 1.0885 0.9242 2.6601 0.2814 4.1652 33.0777 1.0241 127.8474 74.1417 1.1658 117.7791
3.0322 0.5538 1.4038 1.9666 0.3534 0.5050 3.6193 0.5440 1.0316 0.0000 0.8986 1.0483 0.3378 0.6382 0.6859 1.0720 2.5609 0.3979 3.6729 0.7086 1.0590 1.7350 0.2296 26.1451 8.0370 8.0629 0.9929 2.9805 41.1295 3.8555 1.4075 4.3946 48.7973 2.0559 8.3139 3.8036 10.6516 1.4665 3.8596 1.7492 4.1839 2.3783 1.4802
1.1315 0.2974 0.6115 1.2712 0.8125 0.5934 1.0953 0.5921 1.5296 0.8986 0.0000 0.8658 0.7681 1.4821 0.9503 0.6356 0.5219 0.9729 2.1898 0.5562 1.3643 1.1067 1.1631 1.5131 3.0171 1.6416 0.9109 0.6003 1.4167 2.1807 2.5173 2.2467 10.4505 2.9156 5.4355 4.0661 11.2764 13.0478 27.9512 0.5421 3.4963 10.2000 2.2106
2.3089 1.1670 0.3950 0.4768 2.4308 0.8549 1.6902 0.5876 2.9036 1.0483 0.8658 0.0000 1.8776 2.0327 0.4200 1.0460 2.8804 1.3479 1.3421 1.1685 4.4643 0.3390 1.2827 0.9660 2.5414 1.7357 0.6262 0.8985 0.5724 0.5912 0.8782 1.2526 63.4671 0.6287 1.5483 2.5206 4.4223 1.7987 1.9253 9.1496 33.8011 1.0430 1.8732
3.7337 0.6814 2.3866 1.5013 0.4237 0.4918 1.8789 3.0288 1.7763 0.3378 0.7681 1.8776 0.0000 0.2508 1.0877 0.4770 15.2445 1.1819 2.8820 2.3433 4.7818 0.6429 3.9159 5.9369 1.6465 3.6914 4.7147 1.5425 6.3896 6.3507 1.3499 10.6412 72.6305 0.9633 1.0720 6.1202 4.1190 2.1294 0.5447 3.1711 2.4956 1.0224 2.8805
1.3194 0.5597 5.1462 1.1035 0.9871 1.1088 0.6671 1.7388 0.4052 0.6382 1.4821 2.0327 0.2508 0.0000 3.2881 1.4164 1.5102 1.1730 1.0894 0.7369 1.2567 1.3933 1.1941 7.3323 2.1220 2.0111 4.0680 2.7750 6.8869 2.5517 0.4602 2.3215 76.8923 3.5862 4.5694 2.9757 76.4733 3.1009 4.1682 1.2203 9.9911 50.5809 17.1881
0.9270 1.2967 0.3399 0.4502 1.0055 0.8210 4.7565 0.6488 1.9527 0.6859 0.9503 0.4200 1.0877 3.2881 0.0000 1.2313 2.0139 0.6934 1.5911 0.9988 1.2031 0.3930 0.9989 0.7549 4.9931 3.3801 0.4488 0.8355 2.5783 1.6285 1.5878 2.0852 3.1105 0.7794 1.7199 1.1812 10.6809 22.9649 7.3169 1.1293 3.1760 0.7724 2.9248
0.8071 2.7280 1.1737 0.9559 0.8831 0.6481 1.2683 0.5992 0.5558 1.0720 0.6356 1.0460 0.4770 1.4164 1.2313 0.0000 1.2104 0.5795 1.1040 0.9107 2.0844 0.8210 1.3033 2.8407 1.2329 3.3020 81.4305 0.8511 10.2136 2.4301 3.7241 10.0902 4.0691 0.8961 18.0660 1.3972 79.0117 87.3314 5.5471 9.2662 21.3050 0.7249 12.1542
1.1400 1.1580 2.8055 2.0595 1.8906 0.9245 4.7297 4.7837 1.8444 2.5609 0.5219 2.8804 15.2445 1.5102 2.0139 1.2104 0.0000 0.7209 44.7191 3.7122 0.6464 4.4616 1.0206 0.3441 1.4577 6.5740 7.2020 1.0661 17.2221 13.9742 0.5838 2.6744 0.3649 57.0199 1.0463 0.3348 4.4817 0.3993 2.3416 1.4482 0.5008 137.1939 0.3546
0.4599 0.9179 0.5463 1.2948 1.1718 0.6174 1.1804 0.3287 3.1495 0.3979 0.9729 1.3479 1.1819 1.1730 0.6934 0.5795 0.7209 0.0000 0.6895 0.7002 0.6458 1.8069 0.4876 4.7311 5.9949 3.9050 0.9605 1.4393 1.3325 1.1906 3.0350 2.4098 66.6931 0.8850 4.9615 2.5385 73.1453 1.4144 5.8885 10.6070 41.0140 7.2047 7.1361
3.6687 1.6676 1.1041 1.3658 1.7188 2.0771 0.2548 1.0762 0.8125 3.6729 2.1898 1.3421 2.8820 1.0894 1.5911 1.1040 44.7191 0.6895 0.0000 0.9600 0.3973 1.5087 0.9736 89.9299 1.2274 2.7205 2.8340 2.9578 1.4483 3.2913 0.6107 1.0622 22.4700 1.5782 1.1368 3.8442 1.5845 0.3304 14.1629 0.5273 5.2556 0.9924 1.5081
1.3293 1.6224 1.4989 0.8034 0.5332 1.6442 1.8075 1.9003 1.7202 0.7086 0.5562 1.1685 2.3433 0.7369 0.9988 0.9107 3.7122 0.7002 0.9600 0.0000 0.4985 1.4831 1.1301 14.4740 5.0394 1.1972 2.7646 1.5544 3.1823 7.3156 0.5521 0.6626 10.2719 3.1537 0.8796 5.2418 0.5534 4.1919 1.2632 0.5669 0.7680 2.5630 0.5906
1.4240 0.9179 5.3379 1.0505 1.0017 2.0115 1.6246 0.7270 1.3070 1.0590 1.3643 4.4643 4.7818 1.2567 1.2031 2.0844 0.6464 0.6458 0.3973 0.4985 0.0000 5.1529 0.7563 2.8931 2.2136 0.8950 3.8306 0.5398 10.8877 1.4091 1.1477 2.6408 39.9134 6.1864 0.7787 4.1910 9.5293 2.7193 0.5322 1.0322 12.4100 1.7200 3.2221
1.1923 1.3943 0.2584 0.3175 1.4304 0.9807 1.9786 1.3236 1.5222 1.7350 1.1067 0.3390 0.6429 1.3933 0.3930 0.8210 4.4616 1.8069 1.5087 1.4831 5.1529 0.0000 2.0175 9.8780 4.2819 1.4145 0.4929 0.4192 1.2482 1.1343 4.0868 2.0917 31.3500 0.6801 5.4130 3.2661 2.0404 5.9970 2.8260 2.0246 26.6599 2.5563 9.2826
1.3870 2.1467 0.7362 1.9185 11.5274 1.7830 0.8219 0.6668 0.5395 0.2296 1.1631 1.2827 3.9159 1.1941 0.9989 1.3033 1.0206 0.4876 0.9736 1.1301 0.7563 2.0175 0.0000 2.1425 0.7396 2.6690 1.7788 3.4687 1.8793 3.6892 0.9652 2.6796 1.6581 0.7526 1.1181 1.6205 0.8674 2.4051 107.4663 2.0279 1.0786 1.4019 0.4560
0.4197 3.4658 4.1511 1.3734 0.7814 1.2225 4.3767 2.7471 1.0621 26.1451 1.5131 0.9660 5.9369 7.3323 0.7549 2.8407 0.3441 4.7311 89.9299 14.4740 2.8931 9.8780 2.1425 0.0000 0.2279 0.2473 37.7575 19.6228 21.6069 3.6079 3.8682 6.3357 0.2528 31.8225 3.1117 0.3550 3.3740 1.0528 5.7693 1.8932 10.7783 0.2933 1.2796
1.7170 5.7829 14.7386 2.2385 3.7291 0.9689 1.4176 1.7601 51.2251 8.0370 3.0171 2.5414 1.6465 2.1220 4.9931 1.2329 1.4577 5.9949 1.2274 5.0394 2.2136 4.2819 0.7396 0.2279 0.0000 0.1986 4.1961 1.1265 2.5649 4.9132 4.6469 1.6295 0.2264 1.3635 0.7851 0.6197 13.8198 1.1859 1.9628 116.9006 1.9942 0.2850 0.7638
0.7827 3.9018 5.0542 1.9616 2.0864 1.8505 3.6683 1.8670 1.1065 8.0629 1.6416 1.7357 3.6914 2.0111 3.3801 3.3020 6.5740 3.9050 2.7205 1.1972 0.8950 1.4145 2.6690 0.2473 0.1986 0.0000 2.2994 2.3975 2.9101 1.7514 2.0725 0.8397 0.2439 0.8119 2.0080 0.9076 4.5546 1.3216 2.4079 6.9915 8.2720 0.2831 1.8458
0.9526 1.5265 0.4896 0.2351 0.8974 1.1222 4.0132 0.6097 1.2489 0.9929 0.9109 0.6262 4.7147 4.0680 0.4488 81.4305 7.2020 0.9605 2.8340 2.7646 3.8306 0.4929 1.7788 37.7575 4.1961 2.2994 0.0000 0.6403 0.4430 2.0161 7.5447 0.7236 31.7252 0.2747 0.9498 29.9441 1.2068 14.8231 2.9787 4.9111 0.7960 27.0132 1.5445
0.9042 0.6657 0.8129 0.4802 4.0265 1.6931 1.9132 1.3517 5.5552 2.9805 0.6003 0.8985 1.5425 2.7750 0.8355 0.8511 1.0661 1.4393 2.9578 1.5544 0.5398 0.4192 3.4687 19.6228 1.1265 2.3975 0.6403 0.0000 9.8743 0.6322 0.7628 1.1710 79.7197 1.8966 0.9534 1.4299 2.7753 0.6167 1.8941 22.9582 1.3611 0.5154 0.7267
62.1983 1.8188 1.2956 1.3392 4.2575 14.0435 4.1002 0.6665 1.1629 41.1295 1.4167 0.5724 6.3896 6.8869 2.5783 10.2136 17.2221 1.3325 1.4483 3.1823 10.8877 1.2482 1.8793 21.6069 2.5649 2.9101 0.4430 9.8743 0.0000 0.4793 9.9979 0.5479 83.9747 0.2068 0.7887 144.9336 0.3776 20.1059 1.4212 23.1139 0.2427 2.5920 0.6850
0.7788 1.1368 1.3867 7.0603 0.8594 0.5031 1.1118 0.8873 0.4764 3.8555 2.1807 0.5912 6.3507 2.5517 1.6285 2.4301 13.9742 1.1906 3.2913 7.3156 1.4091 1.1343 3.6892 3.6079 4.9132 1.7514 2.0161 0.6322 0.4793 0.0000 1.5319 1.4907 66.6326 1.0396 0.3819 4.7495 0.4886 99.1006 1.3810 0.8786 1.0830 11.8882 1.2156
1.5140 0.9527 0.8118 2.6705 7.1115 1.6997 0.4940 1.2198 0.6753 1.4075 2.5173 0.8782 1.3499 0.4602 1.5878 3.7241 0.5838 3.0350 0.6107 0.5521 1.1477 4.0868 0.9652 3.8682 4.6469 2.0725 7.5447 0.7628 9.9979 1.5319 0.0000 1.0046 0.9897 6.9247 2.3822 2.4581 2.2889 1.7318 0.2278 1.2464 8.4802 2.3787 0.6003
3.7769 0.8868 1.6673 1.0139 1.8656 1.5366 0.8678 1.8727 1.8345 4.3946 2.2467 1.2526 10.6412 2.3215 2.0852 10.0902 2.6744 2.4098 1.0622 0.6626 2.6408 2.0917 2.6796 6.3357 1.6295 0.8397 0.7236 1.1710 0.5479 1.4907 1.0046 0.0000 4.4726 1.0393 0.5009 6.0797 0.3119 3.0893 0.4286 0.3863 0.5392 1.0475 0.4945
1.9760 65.2350 14.0814 18.8901 77.1895 22.0396 21.0201 70.5689 1.0885 48.7973 10.4505 63.4671 72.6305 76.8923 3.1105 4.0691 0.3649 66.6931 22.4700 10.2719 39.9134 31.3500 1.6581 0.2528 0.2264 0.2439 31.7252 79.7197 83.9747 66.6326 0.9897 4.4726 0.0000 77.2207 1.2194 0.1865 2.4918 0.3272 2.2945 1.4198 3.5440 0.2935 32.6628
1.4625 0.9337 0.5775 0.7019 4.2555 1.1533 5.2684 0.5154 0.9242 2.0559 2.9156 0.6287 0.9633 3.5862 0.7794 0.8961 57.0199 0.8850 1.5782 3.1537 6.1864 0.6801 0.7526 31.8225 1.3635 0.8119 0.2747 1.8966 0.2068 1.0396 6.9247 1.0393 77.2207 0.0000 1.8053 81.0618 0.5977 25.6767 1.7474 11.0443 0.5522 6.9916 1.1146
2.5114 3.0570 2.1392 2.3115 10.0154 7.5668 1.4592 5.7886 2.6601 8.3139 5.4355 1.5483 1.0720 4.5694 1.7199 18.0660 1.0463 4.9615 1.1368 0.8796 0.7787 5.4130 1.1181 3.1117 0.7851 2.0080 0.9498 0.9534 0.7887 0.3819 2.3822 0.5009 1.2194 1.8053 0.0000 6.8778 0.3300 1.2712 0.4416 0.5012 0.4195 1.1181 0.4452
1.0311 1.2058 4.1323 3.9954 2.3102 0.7179 0.2636 6.8534 0.2814 3.8036 4.0661 2.5206 6.1202 2.9757 1.1812 1.3972 0.3348 2.5385 3.8442 5.2418 4.1910 3.2661 1.6205 0.3550 0.6197 0.9076 29.9441 1.4299 144.9336 4.7495 2.4581 6.0797 0.1865 81.0618 6.8778 0.0000 28.5428 6.0995 5.4810 44.2703 22.8520 16.6172 1.1965
9.4164 74.1591 10.3358 3.8869 48.5561 83.1910 0.6776 10.6475 4.1652 10.6516 11.2764 4.4223 4.1190 76.4733 10.6809 79.0117 4.4817 73.1453 1.5845 0.5534 9.5293 2.0404 0.8674 3.3740 13.8198 4.5546 1.2068 2.7753 0.3776 0.4886 2.2889 0.3119 2.4918 0.5977 0.3300 28.5428 0.0000 11.2907 0.3105 0.4064 0.3070 2.1744 0.4825
0.4983 3.9069 5.8658 1.9630 44.2163 1.5891 0.3764 14.0008 33.0777 1.4665 13.0478 1.7987 2.1294 3.1009 22.9649 87.3314 0.3993 1.4144 0.3304 4.1919 2.7193 5.9970 2.4051 1.0528 1.1859 1.3216 14.8231 0.6167 20.1059 99.1006 1.7318 3.0893 0.3272 25.6767 1.2712 6.0995 11.2907 0.0000 0.8672 0.6306 1.7852 0.5081 0.6881
1.7520 1.7380 4.7505 3.4511 19.4343 26.8697 0.8201 9.4276 1.0241 3.8596 27.9512 1.9253 0.5447 4.1682 7.3169 5.5471 2.3416 5.8885 14.1629 1.2632 0.5322 2.8260 107.4663 5.7693 1.9628 2.4079 2.9787 1.8941 1.4212 1.3810 0.2278 0.4286 2.2945 1.7474 0.4416 5.4810 0.3105 0.8672 0.0000 0.9849 0.5343 1.8180 0.5159
2.2715 0.9515 10.1885 8.3900 0.3788 3.9078 0.4729 42.6554 127.8474 1.7492 0.5421 9.1496 3.1711 1.2203 1.1293 9.2662 1.4482 10.6070 0.5273 0.5669 1.0322 2.0246 2.0279 1.8932 116.9006 6.9915 4.9111 22.9582 23.1139 0.8786 1.2464 0.3863 1.4198 11.0443 0.5012 44.2703 0.4064 0.6306 0.9849 0.0000 0.3199 6.2248 189.2546
10.8963 0.8845 12.9438 10.7578 22.7238 31.7311 0.7357 82.5199 74.1417 4.1839 3.4963 33.8011 2.4956 9.9911 3.1760 21.3050 0.5008 41.0140 5.2556 0.7680 12.4100 26.6599 1.0786 10.7783 1.9942 8.2720 0.7960 1.3611 0.2427 1.0830 8.4802 0.5392 3.5440 0.5522 0.4195 22.8520 0.3070 1.7852 0.5343 0.3199 0.0000 3.3943 0.3650
3.1503 1.6391 3.7325 2.0770 2.3168 4.4514 0.8915 11.8775 1.1658 2.3783 10.2000 1.0430 1.0224 50.5809 0.7724 0.7249 137.1939 7.2047 0.9924 2.5630 1.7200 2.5563 1.4019 0.2933 0.2850 0.2831 27.0132 0.5154 2.5920 11.8882 2.3787 1.0475 0.2935 6.9916 1.1181 16.6172 2.1744 0.5081 1.8180 6.2248 3.3943 0.0000 26.5256
4.7803 4.7136 2.6499 3.7358 46.3182 22.5756 0.6883 2.3462 117.7791 1.4802 2.2106 1.8732 2.8805 17.1881 2.9248 12.1542 0.3546 7.1361 1.5081 0.5906 3.2221 9.2826 0.4560 1.2796 0.7638 1.8458 1.5445 0.7267 0.6850 1.2156 0.6003 0.4945 32.6628 1.1146 0.4452 1.1965 0.4825 0.6881 0.5159 189.2546 0.3650 26.5256 0.0000
