#Distance matrix from Eurovision score data. p_ij * p_ji / 2
#
0.0000 0.7279 0.4853 0.7497 0.7227 1.1750 1.3363 0.7413 0.4485 0.7710 0.9696 1.1010 1.8554 0.5985 2.0221 0.7596 0.8438 0.8508 1.0173 1.3570 0.5674 1.1195 0.7903 1.3851 1.4503 1.3668 0.8586 1.0131 1.2671 0.9929 0.6748 0.5985 4.3474 0.6110 2.3340 2.2609 2.7883 2.7329 3.8002 5.3495 3.2250 5.4246 1.7421
0.7279 0.0000 0.7548 0.7324 0.7199 0.9485 0.6157 0.7935 0.4811 0.8926 0.8418 0.8371 1.9352 0.6802 0.8462 0.9578 0.8582 1.0654 1.3483 1.0308 0.9620 0.9368 1.4734 1.0289 0.9321 1.2447 0.5333 1.0384 1.1544 1.2954 1.0286 3.1530 3.0714 0.9012 2.6197 0.8234 4.8291 3.4847 1.2609 1.4815 1.2489 4.5815 3.9996
0.4853 0.7548 0.0000 0.7117 0.9460 1.4982 0.9777 0.6471 0.4259 0.8108 1.0789 1.0540 1.0788 0.6976 0.8334 1.1360 0.9458 1.0032 0.8253 0.8211 0.4927 1.2105 0.6221 1.7402 1.9641 1.5223 1.0412 1.1182 1.6027 1.5192 0.9033 0.9473 3.8712 0.9608 2.0164 1.6479 5.1679 2.3436 0.9673 2.6893 2.6100 4.9335 2.8586
0.7497 0.7324 0.7117 0.0000 0.7420 0.7072 0.6005 0.8899 0.6462 1.1152 0.8262 1.0684 1.1533 1.1086 1.0160 1.0446 1.4152 0.9178 1.1205 0.9483 0.7041 0.8346 1.0454 1.1535 1.4419 1.3715 1.1735 0.9001 2.6774 1.8037 4.9465 1.9921 1.9034 0.9564 4.7824 0.8621 4.2083 1.9629 5.7961 2.7764 0.7784 4.7665 3.4826
0.7227 0.7199 0.9460 0.7420 0.0000 1.1524 0.7927 1.0514 0.6332 0.9159 0.8191 1.0465 1.0921 0.7142 0.6852 0.9221 0.4555 1.1107 1.3553 0.6956 0.6346 0.9550 1.0544 1.7262 1.0682 1.0436 1.2019 0.6479 1.5759 1.6495 0.7900 1.0480 2.2992 1.4530 1.9297 1.8448 3.1068 3.6231 3.2003 0.6086 2.8967 2.2849 1.5757
1.1750 0.9485 1.4982 0.7072 1.1524 0.0000 1.1231 0.8894 0.8266 1.4532 0.8085 0.5874 1.2738 1.8238 1.3590 1.7248 1.5403 1.0971 0.8922 1.4815 0.6921 1.4378 0.6471 5.1765 1.2031 0.9732 0.5198 2.7553 1.3800 0.7642 1.1421 1.0355 1.2150 0.9243 1.7882 0.3959 2.3160 0.8749 5.9647 7.1117 1.0851 5.9484 8.7368
1.3363 0.6157 0.9777 0.6005 0.7927 1.1231 0.0000 1.6972 0.4128 0.9977 0.5638 0.3948 1.3294 1.4934 2.5277 1.2728 0.7720 1.2874 1.5077 1.1960 1.1579 0.7004 1.8796 1.1128 2.0318 1.6849 1.8817 1.0396 2.1398 0.7945 1.6157 1.8588 4.3057 0.8282 0.8709 1.9037 1.4745 0.5427 1.1578 1.6645 1.0939 1.5786 1.7213
0.7413 0.7935 0.6471 0.8899 1.0514 0.8894 1.6972 0.0000 1.0388 0.9941 0.9795 1.0367 1.3901 0.8719 1.0487 1.5059 1.0720 1.6348 1.7890 1.2059 0.7511 1.1121 1.1522 1.0911 0.5511 0.8252 0.7845 0.8194 1.6953 0.9491 0.9497 4.0772 1.5356 1.2040 1.8240 0.8501 1.8907 1.0794 0.6209 1.4801 1.6058 2.8793 2.3495
0.4485 0.4811 0.4259 0.6462 0.6332 0.8266 0.4128 1.0388 0.0000 0.6266 0.3900 0.5668 1.3285 0.9339 1.2481 0.7764 0.5628 1.0512 1.1333 0.5820 0.4524 0.9925 0.2917 5.4652 5.8058 2.8257 4.9094 5.5477 7.7507 5.9027 5.4581 4.8714 4.8093 5.5725 7.5428 5.4005 4.9720 5.5215 5.4018 6.3753 7.1022 5.8367 7.1775
0.7710 0.8926 0.8108 1.1152 0.9159 1.4532 0.9977 0.9941 0.6266 0.0000 1.1129 1.3943 2.2305 0.4778 1.4906 0.5760 1.0830 0.5845 1.2646 0.9858 0.6986 0.5417 0.9816 2.2552 0.8195 1.2725 1.2713 0.8145 1.6265 1.1621 0.5435 1.3921 1.7718 0.8170 1.5025 1.0439 2.3290 2.0578 4.0365 1.1150 0.8637 1.8292 1.8168
0.9696 0.8418 1.0789 0.8262 0.8191 0.8085 0.5638 0.9795 0.3900 1.1129 0.0000 0.8372 1.0804 1.0049 1.2398 1.3288 0.7375 1.0126 1.2278 0.6443 0.6544 1.0814 2.9956 1.5270 0.8138 1.2911 0.7758 1.4448 1.3973 1.5811 0.9100 1.4775 5.1195 1.6212 3.2377 1.6403 4.0716 2.6307 3.5335 0.4783 1.1954 4.0508 3.8423
1.1010 0.8371 1.0540 1.0684 1.0465 0.5874 0.3948 1.0367 0.5668 1.3943 0.8372 0.0000 0.7465 1.7653 1.1994 1.3375 0.6968 1.0000 0.8595 0.8229 0.7119 1.1626 1.0024 1.2187 2.1394 1.4173 1.4069 1.3026 1.4376 0.5685 1.5802 1.8938 4.7123 1.6228 1.6015 1.2294 5.5950 1.4759 1.1967 0.9259 3.9971 2.5432 3.0282
1.8554 1.9352 1.0788 1.1533 1.0921 1.2738 1.3294 1.3901 1.3285 2.2305 1.0804 0.7465 0.0000 2.4094 1.9445 1.4352 1.0916 1.2717 0.3444 1.5185 0.9961 1.4905 0.9316 1.2602 1.7676 1.7435 1.1522 1.5015 0.9826 0.5785 2.0288 1.9713 2.4822 2.3184 1.2135 0.3472 0.7645 0.9007 0.4230 0.5093 0.9272 0.8266 0.7284
0.5985 0.6802 0.6976 1.1086 0.7142 1.8238 1.4934 0.8719 0.9339 0.4778 1.0049 1.7653 2.4094 0.0000 1.8922 0.5612 0.9789 0.8779 1.0450 1.2039 1.2867 0.3885 0.8628 2.7247 1.7497 1.1497 1.1597 0.8551 1.2792 0.8868 0.6021 1.0979 3.0310 0.6684 1.4927 1.8676 2.6392 1.7401 2.0844 2.5617 1.8133 2.6227 1.5162
2.0221 0.8462 0.8334 1.0160 0.6852 1.3590 2.5277 1.0487 1.2481 1.4906 1.2398 1.1994 1.9445 1.8922 0.0000 1.8223 0.9738 1.4935 4.7261 1.9951 0.4420 2.0458 0.9252 1.1480 0.4508 2.2703 2.9136 1.0972 1.7148 0.6902 2.4013 3.2995 0.4257 5.4204 1.0610 0.4280 1.9526 1.3184 0.4536 1.0452 10.1163 0.5777 0.3776
0.7596 0.9578 1.1360 1.0446 0.9221 1.7248 1.2728 1.5059 0.7764 0.5760 1.3288 1.3375 1.4352 0.5612 1.8223 0.0000 1.1267 0.6327 1.1489 1.1014 1.2085 0.5071 1.1296 1.4264 0.9221 1.2232 0.7140 0.8608 1.1316 0.8913 0.7166 0.6386 3.9750 0.6556 1.4688 1.4186 2.0945 1.3360 1.8093 2.4390 0.8350 4.2954 1.2853
0.8438 0.8582 0.9458 1.4152 0.4555 1.5403 0.7720 1.0720 0.5628 1.0830 0.7375 0.6968 1.0916 0.9789 0.9738 1.1267 0.0000 1.1774 1.2962 1.2705 0.5569 1.0612 1.3448 2.2360 1.6307 1.7965 0.9671 0.7324 0.9366 0.9161 1.1568 1.1475 4.0014 0.9057 1.7199 1.0673 4.2450 1.3022 1.8698 0.9303 1.2021 0.9779 1.8488
0.8508 1.0654 1.0032 0.9178 1.1107 1.0971 1.2874 1.6348 1.0512 0.5845 1.0126 1.0000 1.2717 0.8779 1.4935 0.6327 1.1774 0.0000 1.1409 0.9033 0.6897 0.4666 1.4069 1.6418 1.0747 1.3196 1.4329 0.6069 0.9216 1.7078 0.3133 0.9804 2.9132 0.7886 1.4425 1.7598 1.3882 1.8080 1.4132 2.9488 1.4231 3.1546 1.9657
1.0173 1.3483 0.8253 1.1205 1.3553 0.8922 1.5077 1.7890 1.1333 1.2646 1.2278 0.8595 0.3444 1.0450 4.7261 1.1489 1.2962 1.1409 0.0000 1.0069 0.3268 1.1341 1.0216 1.0503 6.0583 1.5610 1.7912 1.4298 1.0152 0.7185 1.5805 1.1689 3.4255 1.3845 0.9470 1.3109 0.9584 2.2306 0.3876 0.5736 1.0453 2.0535 1.2422
1.3570 1.0308 0.8211 0.9483 0.6956 1.4815 1.1960 1.2059 0.5820 0.9858 0.6443 0.8229 1.5185 1.2039 1.9951 1.1014 1.2705 0.9033 1.0069 0.0000 0.3927 1.2113 1.0072 1.9838 3.0397 1.0784 1.9668 1.0725 0.7304 0.6274 1.6139 1.8709 2.4574 2.0759 0.8978 1.6726 0.6297 1.1185 2.0819 0.6058 1.5039 0.8655 0.6329
0.5674 0.9620 0.4927 0.7041 0.6346 0.6921 1.1579 0.7511 0.4524 0.6986 0.6544 0.7119 0.9961 1.2867 0.4420 1.2085 0.5569 0.6897 0.3268 0.3927 0.0000 1.0374 0.6144 5.7875 6.1188 5.1767 5.2326 5.8534 8.0446 6.1993 5.7581 5.1964 5.1339 5.8819 7.8305 5.7144 5.2682 5.7957 5.6960 6.6491 7.4062 6.1344 7.4455
1.1195 0.9368 1.2105 0.8346 0.9550 1.4378 0.7004 1.1121 0.9925 0.5417 1.0814 1.1626 1.4905 0.3885 2.0458 0.5071 1.0612 0.4666 1.1341 1.2113 1.0374 0.0000 1.2890 1.8400 2.6481 1.2587 1.1278 0.5014 1.6620 1.4061 0.6268 0.9524 4.1125 0.7760 1.8397 1.3777 1.4372 1.3952 2.1347 1.6543 1.3668 4.0012 2.0568
0.7903 1.4734 0.6221 1.0454 1.0544 0.6471 1.8796 1.1522 0.2917 0.9816 2.9956 1.0024 0.9316 0.8628 0.9252 1.1296 1.3448 1.4069 1.0216 1.0072 0.6144 1.2890 0.0000 0.7167 1.3414 1.6569 1.6889 2.0135 1.4396 0.8878 1.2371 1.2778 1.2656 0.7918 1.0499 1.0315 0.8155 5.6224 1.5614 1.2647 1.2810 0.9954 0.5358
1.3851 1.0289 1.7402 1.1535 1.7262 5.1765 1.1128 1.0911 5.4652 2.2552 1.5270 1.2187 1.2602 2.7247 1.1480 1.4264 2.2360 1.6418 1.0503 1.9838 5.7875 1.8400 0.7167 0.0000 0.3288 0.3132 1.7214 0.8675 1.2667 1.9338 1.8455 1.4052 0.2834 1.0498 0.8285 0.6402 2.6515 1.5006 1.0383 6.1975 0.3457 1.3718 0.8315
1.4503 0.9321 1.9641 1.4419 1.0682 1.2031 2.0318 0.5511 5.8058 0.8195 0.8138 2.1394 1.7676 1.7497 0.4508 0.9221 1.6307 1.0747 6.0583 3.0397 6.1188 2.6481 1.3414 0.3288 0.0000 0.3517 1.4036 4.2189 2.2620 1.5955 4.2183 3.3649 0.3053 4.1427 1.4823 0.4717 1.6986 1.7855 1.0205 1.4269 0.3427 3.2597 1.0970
1.3668 1.2447 1.5223 1.3715 1.0436 0.9732 1.6849 0.8252 2.8257 1.2725 1.2911 1.4173 1.7435 1.1497 2.2703 1.2232 1.7965 1.3196 1.5610 1.0784 5.1767 1.2587 1.6569 0.3132 0.3517 0.0000 1.1682 1.2152 0.8346 1.1907 1.3613 1.2383 0.3392 0.7625 1.3291 0.8643 1.5315 1.4594 0.9922 2.1953 0.3631 2.1940 1.4332
0.8586 0.5333 1.0412 1.1735 1.2019 0.5198 1.8817 0.7845 4.9094 1.2713 0.7758 1.4069 1.1522 1.1597 2.9136 0.7140 0.9671 1.4329 1.7912 1.9668 5.2326 1.1278 1.6889 1.7214 1.4036 1.1682 0.0000 0.6322 1.1086 1.0027 1.0298 0.5281 3.8025 0.8787 0.4284 1.4789 0.5670 1.1800 7.1116 0.8939 2.0924 0.8922 1.1039
1.0131 1.0384 1.1182 0.9001 0.6479 2.7553 1.0396 0.8194 5.5477 0.8145 1.4448 1.3026 1.5015 0.8551 1.0972 0.8608 0.7324 0.6069 1.4298 1.0725 5.8534 0.5014 2.0135 0.8675 4.2189 1.2152 0.6322 0.0000 1.0569 0.6844 0.6427 2.0411 3.9097 1.4341 0.8742 0.8975 1.7350 1.3808 0.6130 3.6779 0.6391 1.1461 0.6965
1.2671 1.1544 1.6027 2.6774 1.5759 1.3800 2.1398 1.6953 7.7507 1.6265 1.3973 1.4376 0.9826 1.2792 1.7148 1.1316 0.9366 0.9216 1.0152 0.7304 8.0446 1.6620 1.4396 1.2667 2.2620 0.8346 1.1086 1.0569 0.0000 0.9529 0.6966 0.6108 1.5264 0.9262 0.5613 2.2814 0.3647 0.4654 1.3910 0.4045 0.9844 0.5579 0.5179
0.9929 1.2954 1.5192 1.8037 1.6495 0.7642 0.7945 0.9491 5.9027 1.1621 1.5811 0.5685 0.5785 0.8868 0.6902 0.8913 0.9161 1.7078 0.7185 0.6274 6.1993 1.4061 0.8878 1.9338 1.5955 1.1907 1.0027 0.6844 0.9529 0.0000 2.5964 2.8861 0.8376 2.6322 1.6859 1.4373 1.6329 0.2554 1.4877 1.0786 1.4976 2.7067 0.6310
0.6748 1.0286 0.9033 4.9465 0.7900 1.1421 1.6157 0.9497 5.4581 0.5435 0.9100 1.5802 2.0288 0.6021 2.4013 0.7166 1.1568 0.3133 1.5805 1.6139 5.7581 0.6268 1.2371 1.8455 4.2183 1.3613 1.0298 0.6427 0.6966 2.5964 0.0000 0.4976 3.4115 0.3083 0.9081 4.1525 0.8959 1.4479 3.6067 2.1012 5.0296 0.7929 1.0962
0.5985 3.1530 0.9473 1.9921 1.0480 1.0355 1.8588 4.0772 4.8714 1.3921 1.4775 1.8938 1.9713 1.0979 3.2995 0.6386 1.1475 0.9804 1.1689 1.8709 5.1964 0.9524 1.2778 1.4052 3.3649 1.2383 0.5281 2.0411 0.6108 2.8861 0.4976 0.0000 4.2491 0.2634 0.7592 7.0370 0.4368 1.0041 3.2565 3.7904 1.6700 0.2978 0.6691
4.3474 3.0714 3.8712 1.9034 2.2992 1.2150 4.3057 1.5356 4.8093 1.7718 5.1195 4.7123 2.4822 3.0310 0.4257 3.9750 4.0014 2.9132 3.4255 2.4574 5.1339 4.1125 1.2656 0.2834 0.3053 0.3392 3.8025 3.9097 1.5264 0.8376 3.4115 4.2491 0.0000 3.8995 0.9611 0.2308 1.1451 1.3207 0.3331 1.0178 0.2961 2.0558 3.5673
0.6110 0.9012 0.9608 0.9564 1.4530 0.9243 0.8282 1.2040 5.5725 0.8170 1.6212 1.6228 2.3184 0.6684 5.4204 0.6556 0.9057 0.7886 1.3845 2.0759 5.8819 0.7760 0.7918 1.0498 4.1427 0.7625 0.8787 1.4341 0.9262 2.6322 0.3083 0.2634 3.8995 0.0000 1.3173 5.3131 0.6566 1.3666 4.5357 2.8690 3.3040 0.6167 1.0141
2.3340 2.6197 2.0164 4.7824 1.9297 1.7882 0.8709 1.8240 7.5428 1.5025 3.2377 1.6015 1.2135 1.4927 1.0610 1.4688 1.7199 1.4425 0.9470 0.8978 7.8305 1.8397 1.0499 0.8285 1.4823 1.3291 0.4284 0.8742 0.5613 1.6859 0.9081 0.7592 0.9611 1.3173 0.0000 2.5571 0.3618 0.4397 1.0861 0.4896 1.0287 0.4101 0.4518
2.2609 0.8234 1.6479 0.8621 1.8448 0.3959 1.9037 0.8501 5.4005 1.0439 1.6403 1.2294 0.3472 1.8676 0.4280 1.4186 1.0673 1.7598 1.3109 1.6726 5.7144 1.3777 1.0315 0.6402 0.4717 0.8643 1.4789 0.8975 2.2814 1.4373 4.1525 7.0370 0.2308 5.3131 2.5571 0.0000 2.8433 1.9916 1.5345 3.8549 2.9801 2.9424 0.9859
2.7883 4.8291 5.1679 4.2083 3.1068 2.3160 1.4745 1.8907 4.9720 2.3290 4.0716 5.5950 0.7645 2.6392 1.9526 2.0945 4.2450 1.3882 0.9584 0.6297 5.2682 1.4372 0.8155 2.6515 1.6986 1.5315 0.5670 1.7350 0.3647 1.6329 0.8959 0.4368 1.1451 0.6566 0.3618 2.8433 0.0000 0.3457 2.5362 0.4252 1.3436 0.3459 0.4932
2.7329 3.4847 2.3436 1.9629 3.6231 0.8749 0.5427 1.0794 5.5215 2.0578 2.6307 1.4759 0.9007 1.7401 1.3184 1.3360 1.3022 1.8080 2.2306 1.1185 5.7957 1.3952 5.6224 1.5006 1.7855 1.4594 1.1800 1.3808 0.4654 0.2554 1.4479 1.0041 1.3207 1.3666 0.4397 1.9916 0.3457 0.0000 0.8012 0.9569 1.3521 0.5464 0.5103
3.8002 1.2609 0.9673 5.7961 3.2003 5.9647 1.1578 0.6209 5.4018 4.0365 3.5335 1.1967 0.4230 2.0844 0.4536 1.8093 1.8698 1.4132 0.3876 2.0819 5.6960 2.1347 1.5614 1.0383 1.0205 0.9922 7.1116 0.6130 1.3910 1.4877 3.6067 3.2565 0.3331 4.5357 1.0861 1.5345 2.5362 0.8012 0.0000 0.6259 0.5676 1.2610 0.7552
5.3495 1.4815 2.6893 2.7764 0.6086 7.1117 1.6645 1.4801 6.3753 1.1150 0.4783 0.9259 0.5093 2.5617 1.0452 2.4390 0.9303 2.9488 0.5736 0.6058 6.6491 1.6543 1.2647 6.1975 1.4269 2.1953 0.8939 3.6779 0.4045 1.0786 2.1012 3.7904 1.0178 2.8690 0.4896 3.8549 0.4252 0.9569 0.6259 0.0000 2.1238 0.3093 8.5316
3.2250 1.2489 2.6100 0.7784 2.8967 1.0851 1.0939 1.6058 7.1022 0.8637 1.1954 3.9971 0.9272 1.8133 10.1163 0.8350 1.2021 1.4231 1.0453 1.5039 7.4062 1.3668 1.2810 0.3457 0.3427 0.3631 2.0924 0.6391 0.9844 1.4976 5.0296 1.6700 0.2961 3.3040 1.0287 2.9801 1.3436 1.3521 0.5676 2.1238 0.0000 1.7129 3.8582
5.4246 4.5815 4.9335 4.7665 2.2849 5.9484 1.5786 2.8793 5.8367 1.8292 4.0508 2.5432 0.8266 2.6227 0.5777 4.2954 0.9779 3.1546 2.0535 0.8655 6.1344 4.0012 0.9954 1.3718 3.2597 2.1940 0.8922 1.1461 0.5579 2.7067 0.7929 0.2978 2.0558 0.6167 0.4101 2.9424 0.3459 0.5464 1.2610 0.3093 1.7129 0.0000 0.3648
1.7421 3.9996 2.8586 3.4826 1.5757 8.7368 1.7213 2.3495 7.1775 1.8168 3.8423 3.0282 0.7284 1.5162 0.3776 1.2853 1.8488 1.9657 1.2422 0.6329 7.4455 2.0568 0.5358 0.8315 1.0970 1.4332 1.1039 0.6965 0.5179 0.6310 1.0962 0.6691 3.5673 1.0141 0.4518 0.9859 0.4932 0.5103 0.7552 8.5316 3.8582 0.3648 0.0000
